this 0.1 0.2 0.1 0.1 0.3
is 0.1 0.1 0.1 0.2 0.1
a 0.2 0.1 0.3 0.1 0.1
great 0.9 0.1 0.2 0.1 0.8
website 0.4 0.5 0.1 0.6 0.2
i 0.1 0.2 0.2 0.1 0.1
love 0.8 0.1 0.1 0.2 0.9
it 0.1 0.1 0.3 0.1 0.2
terrible -0.9 -0.1 -0.2 -0.1 -0.8
experience 0.1 0.5 0.1 0.8 0.1
just 0.2 0.2 0.1 0.2 0.1
awful -0.8 -0.1 -0.1 -0.2 -0.9
the 0.1 0.3 0.1 0.1 0.1
site 0.3 0.6 0.1 0.7 0.1
okay 0.1 0.1 0.5 0.1 0.1
but 0.0 0.1 0.2 0.1 0.0
support 0.1 0.6 0.1 0.5 0.3
poor -0.7 -0.1 -0.3 -0.1 -0.5
am 0.1 0.1 0.1 0.1 0.1
happy 0.9 0.2 0.1 0.1 0.8
with 0.1 0.1 0.2 0.1 0.1
this 0.1 0.1 0.1 0.2 0.1
hate -0.9 -0.2 -0.1 -0.1 -0.9
platform 0.2 0.7 0.1 0.6 0.1
worst -1.0 -0.1 -0.1 -0.1 -1.0
an 0.1 0.1 0.2 0.1 0.1
excellent 0.9 0.1 0.1 0.1 0.9
service 0.1 0.5 0.1 0.7 0.2
truly 0.4 0.1 0.1 0.1 0.3
best 1.0 0.1 0.1 0.1 1.0
does 0.1 0.4 0.1 0.1 0.1
job 0.1 0.5 0.1 0.4 0.1
nothing 0.0 0.1 0.1 0.1 0.0
special 0.3 0.2 0.1 0.1 0.4
what 0.1 0.2 0.3 0.1 0.1
good 0.8 0.1 0.1 0.2 0.7
awesome 0.8 0.2 0.1 0.1 0.8
bad -0.8 -0.1 -0.1 -0.2 -0.7
sad -0.7 0.1 -0.2 0.1 -0.6